-0.17175903916358948
0.09951987862586975
0.06331169605255127
-0.051987722516059875
-0.1335117369890213
0.07443676888942719
-0.1624249666929245
-0.10370425879955292
0.12060421705245972
-0.05248795822262764
0.2987654209136963
0.015454547479748726
-0.22752995789051056
-0.017527570948004723
-0.05883258208632469
0.13024123013019562
-0.10965274274349213
-0.08910390734672546
-0.010174859315156937
-0.03171353414654732
0.08677691966295242
0.09151748567819595
0.014579018577933311
0.05328631401062012
-0.17896133661270142
-0.27517035603523254
-0.07038994878530502
-0.11141826957464218
-0.012375710532069206
-0.06352004408836365
-0.05111014097929001
-0.05988962575793266
-0.12993519008159637
0.04257575422525406
0.04938105121254921
0.07939369976520538
-0.0730942115187645
-0.0950627252459526
0.17764919996261597
0.0262894369661808
-0.17317365109920502
-0.0028592869639396667
0.0007024277001619339
0.1972331404685974
0.10511046648025513
0.002775793895125389
0.060062479227781296
-0.13883452117443085
0.11019831895828247
-0.21333624422550201
0.07498777657747269
0.19573302567005157
0.16155441105365753
0.02925463765859604
0.03918234258890152
-0.10514772683382034
-0.010538049973547459
0.15287825465202332
-0.20720888674259186
0.04995541274547577
0.07820528745651245
-0.005378983914852142
-0.008521901443600655
-0.16105026006698608
0.19242750108242035
0.18163460493087769
-0.15754273533821106
-0.15180209279060364
0.1344495415687561
-0.08083309978246689
-0.11930425465106964
0.11453776061534882
-0.14584150910377502
-0.2610432505607605
-0.2555333077907562
0.037255916744470596
0.3992883265018463
0.14691853523254395
-0.16502578556537628
-0.030329350382089615
-0.07480248063802719
-0.0492653027176857
-0.0493876188993454
0.014214027673006058
-0.08961983025074005
-0.01929578371345997
-0.047124385833740234
0.02981996163725853
0.2671304941177368
-0.04208572208881378
0.006542850285768509
0.2099105268716812
0.028687946498394012
0.03479315713047981
0.011129932478070259
0.08908659964799881
-0.05889759957790375
-0.02436024509370327
-0.033946920186281204
0.02655579149723053
-0.08358564227819443
-0.10292549431324005
0.05277328938245773
0.0718357115983963
-0.2005537897348404
0.1765093356370926
-0.0016061097849160433
-0.06907971203327179
-0.03952763229608536
0.02004212886095047
-0.13769051432609558
-0.0009969979291781783
0.1887531876564026
-0.25643080472946167
0.20954185724258423
0.1132955253124237
0.17394162714481354
0.15037564933300018
0.07747355848550797
0.07111097127199173
-0.057515889406204224
-0.04441932588815689
-0.13913092017173767
-0.11384885013103485
0.03919778764247894
-0.07755905389785767
0.06645169109106064
0.05147096887230873
